Weights N=100 training_AB
-170.969
914.914
135.423
-118.793
-400.976
345.936
-57.9419
955.125
1272.01
-499.487
410.173
256.768
-189.459
1103.36
-1119.37
-1449.89
-862.956
961.481
971.489
477.153
1047.46
518.472
-338.773
521.192
-964.805
144.245
-556.487
1172.07
508.067
-610.875
-589.393
746.092
85.9413
24.7938
-1058.5
251.585
591.856
52.0058
1037.38
380.885
-660.596
-315.186
690.4
-1098.3
194.551
659.773
-1107.89
-981.975
-278.773
-228.79
-30.0448
-47.1074
1165.81
-835.038
-1195.79
-367.046
457.507
-604.521
-443.15
-444.544
-737.021
-846.77
581.857
-876.137
-1187.79
-318.502
820.261
-890.426
787.866
-657.709
944.876
307.136
1019.04
545.584
516.944
-1256.15
-742.657
-617.892
-565.947
-972.014
-375.152
217.915
-1039.18
403.991
490.479
-956.009
-76.318
-966.602
127.944
1382.22
-563.151
181.516
-591.791
550.348
-340.752
-1271.91
283.59
-940.457
882.235
-728.865
0.0891242