Weights N=100 training_setA
2807.43
-163.877
-1622.41
-6435.21
-7805.19
-1471.85
1046.17
-1856.34
4356.08
-455.993
3826.22
3086.63
-2092.05
-1927.17
-1334.52
-4039.56
-611.737
-346.513
-4277.86
467.421
-860.537
4334.28
-3665.58
1293.51
2653.13
6032.21
-423.031
574.757
-1586.22
-2033.39
-693.728
972.669
1863.05
-982.441
1149.5
-4525.82
8488.69
1897.42
-711.302
-291.29
-3148.4
-5158.66
2181.49
806.91
-1544.98
-2729.37
1611.38
1113.33
1753.28
74.2154
5730.33
6683.84
-807.52
-3247.27
2055.88
-213.641
3252.58
-2470.55
1979.29
-1034.81
-6128.26
4183.94
3984.29
-1992.3
8279.17
-3529.13
-1489.15
5001.88
-7942.52
-453.761
-3527.9
-866.514
-3094.64
-3662.55
4820.88
3946.21
-285.983
-1891.85
2267.15
-6466.75
-822.999
-1449.25
1713.85
1320.74
-1091.55
-705.603
-3236.87
-3306.8
-5590.38
-1116.43
3426.09
4398.83
-2203.8
4981.69
2026.87
1484.63
3175.7
-235.461
-1047.46
76.2557
5.37906