Weights N=100 training_AB
-127.727
-1091.82
873.515
741.546
-521.745
-849.157
-258.742
255.368
668.951
-1019.7
-574.448
-256.059
-120.015
-884.341
-22.6295
-906.648
-608.282
-497.997
-430.751
-349.577
-920.157
-873.724
582.179
-643.938
-49.6825
-1111.66
331.645
1011.06
-350.904
1126.65
146.433
765.663
-580.195
-795.585
33.2077
725.421
1095.16
950.342
-854.725
375.445
784.947
1186.36
-420.645
870.578
591.563
539.292
794.028
-810.682
1221.9
-169.939
1225.23
-1004.15
-409.812
-497.709
-403.499
-767.465
67.1486
-340.179
1364.35
-657.622
91.4495
1031.56
-1050.42
254.122
1123.79
-286.19
430.763
-1082.85
-1002.67
1274.75
-191.281
295.377
1154.17
946.997
-470.383
-65.5838
-399.631
-567.019
-789.257
97.9869
528.547
-680.68
-768.818
-397.604
154.821
682.755
-839.348
-859.871
815.278
-145.657
-336.657
-309.217
524.214
549.325
730.965
-883.469
-275.051
-951.909
-322.886
134.779
0.111174