Weights N=100 trainingAB
-4.3727
6.2233
-7.70627
-6.41005
2.79468
-0.291029
3.05678
-10.6523
7.31146
-0.700086
7.42959
-3.38154
2.45715
0.219941
1.30678
3.92412
-15.7082
5.04218
-1.07047
7.22645
-6.25052
3.77223
5.53172
-2.26145
4.10367
1.33632
-10.1423
4.48787
0.409217
3.81652
-5.65751
0.114193
5.09922
14.9911
-2.8859
-3.82805
8.87892
-7.63844
-0.577837
-1.91816
3.63483
-2.67672
6.43364
-5.20543
-4.12719
-3.81951
-6.73199
4.12871
-1.08038
2.21222
-3.95918
2.06831
-7.23433
-6.36469
-9.75148
-4.75462
-7.32433
2.43566
-4.43415
-1.06147
10.4445
-1.73153
8.46667
3.9832
12.4079
0.176418
-2.73006
-3.05421
-2.40646
-4.013
2.97704
-7.76023
0.476303
0.267116
-4.43379
3.99666
2.02087
-11.0421
-1.55303
1.38078
1.78002
14.3562
4.31411
-8.88069
-5.97392
-2.28991
-15.5669
4.9094
8.23601
-7.76145
-9.18762
-5.22649
0.0784104
-3.6565
8.48171
-3.79911
-0.0583959
-1.70271
-1.36601
4.37187
0.00586302