Weights N=100 trainingAB
4.93631
-34.5779
-5.89307
-16.8855
-1.11023
7.73061
5.17398
-29.2107
17.9036
24.1631
39.5818
-44.3862
-2.8038
1.92562
22.6783
-55.6895
-68.5297
65.0494
-17.1012
58.2656
-81.0144
48.0582
39.1976
9.2556
-25.3753
-26.5602
-0.591832
37.8827
24.0885
-22.4654
-30.4207
62.1192
75.7791
47.5772
-61.8301
17.2541
8.98267
-42.2819
-7.09212
-40.0395
42.884
-14.1607
13.2814
-31.7884
11.9449
12.3157
-5.96591
2.19671
-2.15123
30.168
-34.9482
-32.5786
-49.1336
-46.3114
-21.4098
-7.68124
-10.1259
36.188
-7.69686
44.2799
20.1999
-25.824
64.724
8.09647
34.5047
6.33634
-71.1245
-6.65722
-15.581
14.9901
8.95965
-20.7652
29.1896
-17.1488
-9.18898
-8.50476
-24.0744
-54.0234
30.1919
50.0398
15.4973
26.5508
18.1201
-78.2583
-52.75
10.8371
-34.2932
69.3914
-11.8423
-77.5469
-55.0301
36.1883
12.5438
-56.2128
54.0431
-39.1796
7.91625
0.0823871
-15.0601
4.19206
0.000110268