Weights N=100 training_AB
-1.34721
-1.57297
2.76409
0.556969
-0.422598
-0.430254
0.705854
-0.210555
0.988022
-0.0669885
-1.61517
-1.86246
0.105525
-1.83009
-1.33731
3.00705
-0.762432
-1.36891
1.13387
2.35849
1.45735
2.06935
2.5193
4.88942
-4.084
1.66893
1.51233
2.03015
4.27235
-0.560031
2.06238
-0.0591922
-1.32255
-1.07748
-3.55869
-4.20684
-0.821582
-1.81887
3.50049
-4.68307
-1.84377
-1.71673
-0.754834
0.375893
0.802076
0.883049
0.371373
2.22265
0.74948
2.43706
2.19052
3.03737
-1.35589
0.512766
2.01715
2.21579
-2.25409
1.33303
-3.83159
1.13343
-0.127778
-0.122354
0.967915
-0.88823
-1.39366
-3.2072
-0.36616
-0.0429169
2.75415
1.82058
-2.29349
0.209595
2.67253
0.894724
-5.86841
0.540458
0.811636
-2.02119
-6.78918
-0.463168
-1.22006
-1.36505
3.4361
0.241592
-0.763304
1.76961
-2.50372
2.23678
0.0460546
-0.279413
1.01153
1.06742
-0.954003
0.355423
1.18528
1.24798
-0.237377
-1.14895
-0.0202906
1.68648
-0.0092356