Weights N=100 training_AB
-107.452
-1028.51
995.68
749.99
-1095.12
1058.94
73.3815
153.914
-95.6925
-265.433
962.046
611.989
247.434
-202.207
-946.313
457.936
-190.607
421.247
-54.5301
822.039
-602.021
-859.415
-653.889
1149.2
-126.063
-751.974
-110.422
1050.92
360.225
432.79
178.612
-286.661
-925.615
-315.73
640.496
414.574
-377.958
139.109
982.138
13.2309
1015.57
1035.62
-19.451
938.968
392.549
107.269
520.758
-761.974
894.803
1216.31
-322.455
-710.463
-885.639
-936.986
1004.31
84.3004
464.6
1240.29
-422.68
1102.33
545.039
-360.351
-448.482
-1002.7
982.006
369.241
478.356
557.563
1101.7
521.843
640.643
82.9654
1040.09
-365.938
-508.337
-1105.91
-436.375
654.033
-239.538
969.094
-187.377
364.912
-67.3554
899.16
-1048.91
454.494
288.292
-589.16
883.538
284.726
-422.027
1046.75
-1.37499
-37.1427
-754.218
90.7706
-166.924
1014.49
-895.46
-789.061
0.11852