Weights N=100 training_setA
2805.93
-164.788
-1622.6
-6435.22
-7805.19
-1470.93
1046.08
-1855.8
4355.9
-455.2
3826.46
3085.98
-2092.3
-1927.54
-1334.67
-4039.5
-611.01
-346.448
-4277.29
466.708
-861.011
4334.23
-3665.79
1294.1
2653.79
6031.85
-423.844
575.069
-1586.69
-2033.74
-693.588
973.259
1862.57
-982.994
1148.74
-4526.18
8488.14
1896.51
-711.199
-292.123
-3147.87
-5158.01
2181.83
806.759
-1544.41
-2728.64
1611.63
1113.41
1753.56
74.4478
5729.12
6682.8
-807.493
-3246.55
2056.36
-212.468
3252.78
-2470.09
1979.07
-1034.34
-6128.15
4183.71
3983.85
-1992.21
8278.26
-3529.69
-1489.41
5001.35
-7941.47
-452.2
-3526.54
-865.786
-3093.92
-3661.49
4820.88
3945.39
-286.837
-1891.76
2267.77
-6465.86
-824.11
-1449.49
1714.16
1320.59
-1091.79
-705.295
-3236.56
-3306.24
-5590.49
-1116.75
3425.83
4398.82
-2204.29
4980.79
2026.63
1484.17
3175.62
-235.61
-1047.42
75.9305
5.37807