Weights N=200 training_setA
-584.037
2294.21
-104.236
-3093.88
6033.25
1645.11
-1450.62
2183.03
-6640.74
3284.46
-220.147
-2020.01
2574.68
1567.7
-2073.37
-2721.08
-2523.5
-7110.09
-567.713
-4562.98
-2959.58
753.478
-3776.42
1839.27
-19.8235
-1766.2
2346.9
1492.79
2238.78
-237.482
-212.613
-2579.03
5080.76
-9056.47
-11076.2
983.466
3993.37
4838.64
-428.293
6313.34
3796.4
-9861.38
-10142.5
-5718.91
753.722
-3312.08
1970.01
2052.56
127.179
5938.68
1601.42
744.657
11420.4
3785.83
-2018.07
-2193.62
-5797
-9281.05
6116.7
218.831
1968.66
8430.94
-3394.78
1589.38
323.549
-7306.34
3523.9
349.494
1826.14
9809.17
3533.37
-2196.82
4071.1
838.478
5643.05
-177.62
-184.969
543.982
-2036.09
-6833.15
6084.56
1673.48
-856.565
14271.8
-7261.32
8326.94
-1091.7
-1354.15
3921.32
3628.82
-4672.86
2389.58
-1902.29
1895.1
-4759.19
1266.84
1759.31
1706.13
-141.004
454.505
2296.34
3926.25
3331.11
-355.542
124.518
-5111.32
2087.66
62.2859
4234.71
-811.601
-3555.58
1702.15
1728.73
-2726.95
1259.7
990.04
-12124.5
-1305.65
828.706
-913.344
-8135.18
5780.75
-512.153
185.634
414.062
3094.19
2757.41
1475.18
1738.64
-2369.81
1074.75
-263.146
1270.67
-2046.48
-4229.51
-3267.43
1249.26
-577.002
2348.23
-2623.72
1480.34
4499.86
648.093
-71.9396
-2938.48
1203.43
1038.27
-2632.79
1100.69
-2774.41
-2017.15
2009.12
7563.43
-177.934
-403.272
-4322.7
-1216.55
57.679
4693.96
1056.02
-6890.29
843.402
-3243.54
-4148.87
2012.97
-806.19
-4540.61
-329.901
1875.15
-3072.79
5873.62
-2985.57
-1390.58
4572.09
-1300.92
-5599.4
-1172.12
369.345
8535.02
-1118.79
-587.022
1271.67
368.065
12.3748
-2509.11
4774.19
-1848.4
3348.92
2634.25
1570.99
-1282.49
4094.44
-716.012
286.812
1890.26
3445.17
3893.23
2754.64
1313.28
4838.32
197.525